2011-02-10,0.0,0,0.0,1
2011-06-26,67.75955963134766,183,77.34375,128
2011-06-28,67.75955963134766,4,72.7272720336914,11
2011-07-18,73.2824478149414,131,77.77777862548828,81
2011-08-09,69.49152374267578,118,79.31034851074219,145
2011-08-12,69.49152374267578,0,79.31034851074219,2
2011-08-13,68.46154022216797,130,55.69620132446289,79
2011-08-16,66.79999542236328,250,74.01315307617188,304
2011-08-22,62.222225189208984,45,74.28571319580078,35
2011-08-23,74.24242401123047,66,85.41667175292969,96
2011-08-25,70.0,20,52.38095474243164,21
2011-08-26,70.0,0,52.38095474243164,8
2011-08-30,50.0,22,55.0,20
2011-09-03,50.0,0,55.0,7
2011-09-07,91.66667175292969,12,66.66667175292969,15
2011-09-23,51.72413635253906,29,67.74193572998047,31
2011-09-26,73.68421173095703,152,66.875,160
2011-10-09,74.4186019897461,86,63.4615364074707,52
2011-10-28,74.4186019897461,0,63.4615364074707,4
2011-10-29,74.4186019897461,0,63.4615364074707,1
2011-10-31,61.904762268066406,63,72.22222137451172,72
2011-11-04,61.904762268066406,0,72.22222137451172,2
2011-11-06,77.77777862548828,54,80.0,25
2011-11-09,60.344825744628906,116,70.0,70
2011-11-10,64.86486053466797,37,53.84615707397461,13
2011-11-20,64.86486053466797,0,53.84615707397461,1
2011-11-26,70.89202117919922,426,71.80327606201172,305
2011-11-28,71.23287963867188,73,83.67346954345703,49
2011-11-29,78.125,160,65.30612182617188,98
2011-12-01,77.77777862548828,18,65.30612182617188,8
2011-12-03,60.869564056396484,23,75.0,32
2011-12-06,79.66101837158203,59,63.6363639831543,22
2011-12-08,79.66101837158203,0,63.6363639831543,2
2011-12-13,70.28571319580078,175,68.42105102539062,133
2011-12-15,60.000003814697266,30,85.71428680419922,21
2011-12-23,79.72028350830078,143,72.0,100
2011-12-30,73.33333587646484,120,57.971012115478516,69
2012-01-02,67.56756591796875,148,81.01265716552734,79
2012-01-13,75.30864715576172,162,79.06977081298828,86
2012-01-16,78.21781921386719,101,82.97872924804688,47
2012-01-20,75.80175018310547,343,75.0,284
2012-01-22,66.17646789550781,136,74.64788818359375,71
2012-01-24,60.000003814697266,15,74.64788818359375,7
2012-01-25,62.5,24,55.0,20
2012-01-27,72.7272720336914,11,55.0,9
2012-01-31,68.8888931274414,90,77.0,100
2012-02-01,68.8888931274414,8,77.0,2
2012-02-06,73.77049255371094,122,70.0,110
2012-02-07,67.76860046386719,121,76.5625,64
2012-02-08,66.66667175292969,144,80.90908813476562,110
2012-02-09,73.52941131591797,68,76.05633544921875,71
2012-02-12,71.37255096435547,255,69.83240509033203,179
2012-02-13,71.37255096435547,3,60.869564056396484,23
2012-02-15,61.66666793823242,60,58.06451416015625,31
2012-02-16,52.6315803527832,38,57.77777862548828,45
2012-02-18,71.47650909423828,298,71.11111450195312,180
2012-02-19,70.49180603027344,61,71.18643951416016,59
2012-02-20,82.85714721679688,105,75.0,76
2012-02-22,53.061222076416016,49,65.1515121459961,66
2012-02-25,64.91228485107422,171,72.03791809082031,211
2012-02-26,67.85713958740234,84,67.64705657958984,68
2012-02-27,56.0,25,54.28571701049805,35
2012-02-28,33.333335876464844,12,78.57142639160156,14
2012-02-29,33.333335876464844,0,78.57142639160156,2
2012-03-01,78.68852233886719,61,76.0,25
2012-03-05,73.68421173095703,38,63.15789031982422,19
2012-03-08,52.08333206176758,48,48.0,25
2012-03-11,52.08333206176758,2,48.0,5
2012-03-12,68.75,16,48.0,8
2012-03-13,78.30188751220703,106,80.24691009521484,81
2012-03-19,60.000003814697266,35,80.76922607421875,26
2012-04-02,60.000003814697266,5,80.76922607421875,7
2012-04-06,60.000003814697266,1,80.76922607421875,2
2012-04-09,62.5,40,84.21052551269531,57
2012-04-10,81.81818389892578,11,84.21052551269531,7
2012-04-12,81.81818389892578,0,84.21052551269531,6
2012-04-17,64.61538696289062,65,78.72340393066406,47
2012-04-22,76.92308044433594,13,83.33332824707031,12
2012-04-23,53.57142639160156,28,87.5,40
2012-04-25,66.66667175292969,12,87.5,8
2012-04-27,66.66667175292969,9,87.5,6
2012-04-30,57.142860412597656,21,64.28571319580078,28
2012-05-03,70.14925384521484,67,82.5,40
2012-05-04,67.74193572998047,155,73.38710021972656,124
2012-05-05,59.09090805053711,22,72.22222137451172,36
2012-05-06,75.0,68,71.42857360839844,35
2012-05-10,41.17647171020508,17,66.66667175292969,18
2012-05-11,41.17647171020508,7,63.6363639831543,11
2012-05-20,71.49122619628906,228,73.61963653564453,163
2012-05-22,71.49122619628906,7,73.61963653564453,2
2012-05-31,65.51724243164062,29,60.000003814697266,20
2012-06-08,65.51724243164062,0,92.30769348144531,13
2012-06-14,78.57142639160156,14,92.30769348144531,8
2012-06-18,70.54263305664062,129,66.37931060791016,116
2012-06-24,65.51724243164062,29,74.0,50
2012-07-09,74.15730285644531,89,68.05555725097656,72
2012-07-24,73.84615325927734,325,76.14678955078125,218
2012-09-13,65.95744323730469,47,75.60975646972656,41
2012-09-24,61.5384635925293,52,74.4186019897461,43
2012-11-11,46.66666793823242,15,52.94117736816406,17
2012-11-15,65.71428680419922,70,80.0,95
2013-01-06,67.1875,64,61.904762268066406,42
2013-01-23,77.4000015258789,500,79.50138092041016,361
2013-02-04,71.21212005615234,66,72.7272720336914,11
2013-02-05,77.5,80,74.28571319580078,70
2013-02-13,66.66667175292969,117,82.66128540039062,248
2013-02-14,66.66667175292969,0,82.66128540039062,4
2013-03-12,69.4214859008789,121,71.57894897460938,95
2013-03-20,61.5384635925293,65,67.39130401611328,46
2013-04-11,66.66667175292969,39,71.42857360839844,28
2013-04-16,61.5384635925293,13,71.42857360839844,0
2013-04-18,55.55555725097656,27,78.0,50
2013-04-21,66.66667175292969,63,74.0740737915039,27
2013-04-30,63.6363639831543,11,63.15789031982422,19
2013-05-05,59.09090805053711,22,72.22222137451172,36
2013-05-08,46.153846740722656,13,72.7272720336914,22
2013-05-11,75.0,12,41.666664123535156,12
2013-06-01,75.0,0,41.666664123535156,8
2013-06-02,75.5813980102539,86,76.74418640136719,43
2013-06-03,53.84615707397461,13,85.0,20
2013-06-04,64.28571319580078,14,85.0,8
2013-07-09,64.28571319580078,5,85.0,5
2013-08-29,64.28571319580078,0,85.0,2
2013-09-02,58.88888931274414,90,58.92857360839844,56
2013-09-06,58.82353210449219,17,65.21739196777344,23
2013-09-07,62.5,16,68.75,16
2013-09-08,62.5,2,88.8888931274414,18
2013-09-09,62.5,3,70.5882339477539,17
2013-09-10,70.0,20,70.5882339477539,8
2013-09-11,72.22222137451172,18,80.95238494873047,21
2013-09-16,72.22222137451172,0,80.95238494873047,2
2013-09-19,40.0,25,73.33333587646484,45
2013-09-23,67.54617309570312,379,80.26666259765625,375
2013-09-24,62.83783721923828,148,78.01724243164062,232
2013-09-25,60.000003814697266,15,85.71428680419922,63
2013-09-28,60.000003814697266,0,85.71428680419922,9
2013-10-03,60.000003814697266,5,85.71428680419922,9
2013-10-04,60.000003814697266,6,85.0,40
2013-10-07,38.235294342041016,34,77.77777862548828,45
2013-10-08,74.7899169921875,119,70.27027130126953,74
2013-10-09,58.749996185302734,80,71.57894897460938,95
2013-10-11,76.92308044433594,13,59.09090805053711,22
2013-10-15,62.121212005615234,66,68.9189224243164,74
2013-10-17,62.121212005615234,4,75.0,24
2013-10-18,62.121212005615234,0,83.33332824707031,18
2013-10-22,71.66666412353516,60,83.09858703613281,71
2013-10-24,71.66666412353516,1,83.09858703613281,6
2013-10-25,71.66666412353516,0,91.66667175292969,12
2013-11-05,68.29268646240234,82,77.77777862548828,72
2013-11-19,60.000003814697266,25,76.34408569335938,93
2013-11-20,80.0,45,72.0,25
2013-11-21,72.7272720336914,22,76.47058868408203,34
2013-11-24,66.66667175292969,15,87.5,56
2013-11-25,66.66667175292969,8,82.75862121582031,29
2013-12-13,47.826087951660156,23,84.61538696289062,65
2013-12-25,47.826087951660156,0,80.0,10
2013-12-26,50.0,12,80.0,0
2013-12-31,64.28571319580078,28,45.45454788208008,22
2014-01-17,74.0740737915039,27,85.45454406738281,55
2014-01-18,77.2727279663086,22,85.45454406738281,5
2014-01-20,81.81818389892578,11,83.33332824707031,18
2014-02-08,81.81818389892578,8,66.66667175292969,18
